# This file were autogenerated on 2026-07-17 11:23:52.785216 from the parameters identification routine
d3q: [0, 0, 0, 0]
d4q: [0, 0, 0, 0]
ddq: [0, 0, 0, 0]
ddqr: [0, 0, 0, 0]
dq: [0, 0, 0, 0]
dqr: [0, 0, 0, 0]
q: [0, 0, 0, 0]
w: [0, 0, 0, 0, 0, 0]
par_Ln2EE: [0.04, 0.0, 0.0, 0.0, 0.0, 0.0]
par_gravity: [0.0, 0.0, -9.81]
par_DYN: [0.017600001094075977, 1.1333904599343843e-24, 1.2801670426118834e-13, 0.017, 1.2854008121283232e-05, 2.0400000007313184e-08, 1.8899999645239083e-06, 1.2250000123195702e-05, 1.5099999710041513e-07, 2.999000213796014e-06, 0.08602518194948501, 4.3884520679606075e-05, 0.0004546138532436831, 7.235810949960588e-06, 5.5700925829585094e-05, -6.159326659136702e-06, 3.495805447226951e-07, 1.859907423908636e-05, 1.6799314426282131e-06, 4.870000002866626e-05, 0.020847007332206725, -0.00012963539343358306, 0.0007167967374691488, 0.0010966321366997133, 1.290012814615346e-05, -9.986042578564998e-07, 2.2334954170375238e-08, 3.8098721437867267e-06, 8.811275027116074e-09, 1.455312444003504e-05, 0.04542145439893053, 0.0010115880335405773, -0.000999713697644713, 0.008897226525624576, 1.6703514438787982e-06, -1.2769549528075008e-09, -2.5477455370492284e-09, 1.1696501023772139e-06, 8.309610985577164e-09, 2.3995614645505683e-06]
par_REG: [0.017600001094075977, 1.994767333486044e-26, 2.2530941350569157e-15, 0.0002992000185992916, 1.794040843747119e-05, 2.0400000007313184e-08, 1.8899999645239083e-06, 1.733640043938366e-05, 1.5099999706211253e-07, 2.999000213796014e-06, 0.08602518194948501, 3.7751738762290504e-06, 3.9108239442044316e-05, 6.224619535224355e-07, 5.5718709481028436e-05, -6.1610429054792395e-06, 3.4955322827822344e-07, 1.859924441479942e-05, 1.6796484628010247e-06, 4.8717944847788626e-05, 0.020847007332206725, -2.7025099974234094e-06, 1.4943066841721203e-05, 2.2861498194512452e-05, 1.2935909941326594e-05, -9.966671075073688e-07, 2.5298613483302007e-08, 3.835293138346706e-06, -7.575772292367285e-09, 1.4564185922541743e-05, 0.04542145439893053, 4.594779973596714e-05, -4.540845012955555e-05, 0.0004041249689106118, 5.311338286520834e-06, 4.465768981987498e-08, -4.113557281419819e-07, 4.81172173981634e-06, 4.123188779657596e-07, 2.491437158514325e-06]
par_Dl: [0.00476118239836446, 0.048761378880767675, 0.009802017703143075, 0.03959859444242379, 0.002427228677710216, 0.018712151918922337, 0.003738171851382911, 0.0727627438195949]
par_REG_red: [1.994767333486044e-26, -0.0004276089290563936, 0.0016693020060684024, 0.002859945874488245, 3.9108239442044316e-05, -8.598149213014886e-05, -6.1610429054792395e-06, -1.805356350395263e-05, 1.6796484628010247e-06, 0.01062502941114804, 0.0017233127571619365, 1.4943066841721203e-05, -5.6487963349075794e-05, -9.966671075073688e-07, -1.5331450205119945e-05, -7.575772292367285e-09, 8.015276607459742e-05, 0.0021330213770475366, 4.594779973596714e-05, -4.540845012955555e-05, 4.996165467044942e-07, 4.465768981987498e-08, -4.113557281419819e-07, 4.123188779657596e-07, 2.491437158514325e-06, 0.0015362291190170318]
par_Ia: [0.0014503672092132105, 0.010453210509103875, 0.0021330213770475366, 0.0015362291190170318]
