# This file were autogenerated on 2026-06-18 10:09:44.618366 from the parameters identification routine
d3q: [0, 0, 0, 0]
d4q: [0, 0, 0, 0]
ddq: [0, 0, 0, 0]
ddqr: [0, 0, 0, 0]
dq: [0, 0, 0, 0]
dqr: [0, 0, 0, 0]
q: [0, 0, 0, 0]
w: [0, 0, 0, 0, 0, 0]
par_Ln2EE: [0.049, 0.0, 0.0, 0.0, 0.0, 0.0]
par_gravity: [0.0, 0.0, -9.81]
par_DYN: [0.04806862040217984, 0.003544643797148651, 0.001562485873062475, -4.71309427091093e-27, 5.440000002966889e-05, 3.999999993931431e-07, -1.1199999983397614e-07, 9.190000063856462e-06, 1.0699999983386393e-05, 4.80000000337288e-05, 0.04272230542628849, -1.6665431310195963e-07, -3.0290993413501698e-06, 0.0013887023619053931, 1.5200092195646918e-05, -2.0737891599715528e-08, -9.993772203358618e-09, 1.3322908024338756e-05, -2.0398465049518004e-06, 2.8500002058564596e-06, 0.06162077530556706, -1.1960976349477602e-05, 2.5277916340609086e-06, 4.2478815176773996e-06, 3.7005305083227836e-06, 2.430868158498985e-07, 6.47696168104878e-07, 1.5399561856181866e-05, -3.031947171769696e-08, 1.388003243341947e-05, 0.05958015458731996, 2.174232881918285e-06, 4.57694306925713e-07, 1.0300139685864497e-05, 2.939698111761253e-06, 1.2307258488247369e-07, 3.531000791493583e-07, 1.1300394338224308e-05, -3.0201212547188e-08, 1.0600787393089634e-05]
par_REG: [0.04806862040217984, 0.00017038613714607986, 7.510654031600866e-05, -2.2655193942810602e-28, 5.451735293788725e-05, 1.3377406713670794e-07, -1.1199999983397614e-07, 9.793958228011434e-06, 1.0699999983386393e-05, 4.872131110610213e-05, 0.04272230542628849, -7.1198564649502316e-09, -1.2941010722773125e-07, 5.932856645153042e-05, 1.528248230800269e-05, -2.0737913166468056e-08, -9.983884841869315e-09, 1.3405297745885011e-05, -2.0396667928302388e-06, 2.850000599039085e-06, 0.06162077530556706, -7.37044636066361e-07, 1.5576448030175944e-07, 2.617577525254702e-07, 3.700532013978853e-06, 2.4308867894516347e-07, 6.476992989831652e-07, 1.5399571783871247e-05, -3.032013338675395e-08, 1.388004164293308e-05, 0.05958015458731996, 1.295411312135256e-07, 2.726949756037025e-08, 6.13683914754796e-07, 2.9397044452723917e-06, 1.230725255922354e-07, 3.5309874485761176e-07, 1.130040094090694e-05, -3.0201493426822035e-08, 1.0600787687223314e-05]
par_Dl: [0.0007686887579174823, 0.08302613800874677, 0.008674741994810081, 0.016888052606247286, 0.005215028404366634, 0.021729657447618483, 0.0037408456448114746, 0.07685264859979847]
par_REG_red: [0.00017038613714607986, 0.01144513834379065, 0.0034021399889054057, -7.1198564649502316e-09, -1.0048517745079975e-06, 0.00011461090051098589, -2.0737913166468056e-08, -9.983884841869315e-09, -2.039666792830232e-06, 0.004730467264879349, 0.002263308829682092, 1.5576448030175944e-07, -9.77327829939824e-05, 2.4308867894516347e-07, 6.24379310222483e-07, -3.032013338675395e-08, 9.991378486702309e-05, 0.003970464462888779, 1.295411312135256e-07, 2.726949756037025e-08, -8.360696495634548e-06, 1.230725255922354e-07, 3.5309874485761176e-07, -3.0201493426822035e-08, 1.0600787687223314e-05, 0.0016750739754614406]
par_Ia: [0.0025513875145285127, 0.004614883548331441, 0.003970464462888779, 0.0016750739754614406]
